0.0
71.38375
71.22895
73.8609
70.75365
128.25265
71.58825
98.2989
70.97335
70.4378
72.9828
70.54385
70.5965
70.47515
70.1502
70.48205
70.33325
70.4195
77.6304
70.58735
70.38435
69.9236
70.25625
70.27835
70.3989
78.7015
208.6707
217.50205
220.9366
222.11525
222.5425
221.5416
222.55855
224.19875
222.5532
222.59665
221.71555
222.79425
222.63405
222.81485
223.10785
222.4456
222.93845
222.6432
221.61025
222.5593
222.602
222.7302
224.2941
221.49585
223.26955
266.54885
271.1011
273.1487
272.57425
275.2978
274.27475
274.8088
273.595
275.61365
275.5076
274.92475
274.2824
273.19525
274.2183
273.7148
273.90245
272.54375
273.92915
273.727
274.57535
274.7256
273.18915
274.3732
275.2238
275.7662
316.4296
321.1984
324.34085
324.35
323.54285
325.16855
325.45695
325.61105
325.4875
323.301
326.7348
326.06425
325.94595
324.86115
326.3503
325.949
326.1901
327.21925
325.1045
327.35505
326.88895
327.249
325.4371
327.2803
327.93255
351.10415
368.09465
369.1147
372.2845
372.978
373.2061
383.10395
377.81325
372.3181
379.83645
374.262
373.68595
374.1391
371.62845
374.2772
375.20795
374.79065
373.20155
374.635
375.3651
375.5978
376.1059
374.7502
375.3201
376.2676
385.8245
386.13725
384.72055
386.4371
387.4456
388.5633
387.68515
387.7897
385.99155
387.8141
388.3001
388.8013
387.79275
388.67695
389.2728
389.4719
389.65575
388.34505
389.6802
390.07305
391.01905
390.68185
389.0294
390.75435
391.54165
405.1472
406.2122
406.319
405.5035
407.3085
407.47325
407.5221
407.79905
405.9559
408.1469
409.1883
408.7496
408.8488
406.87515
408.99755
409.62695
409.7124
410.5386
409.1349
410.2571
410.87885
411.35875
411.4022
409.19135
411.7028
428.52475
429.4898
430.06655
428.2318
430.2619
430.4167
430.58765
430.62425
429.76675
431.54045
431.7274
432.6116
431.72665
430.13905
432.47045
433.31195
432.0402
433.24175
433.29745
431.13235
433.5858
430.82185
419.6644
420.0337
432.3011
447.022
443.4524
442.16235
442.10665
440.08495
442.0769
442.1448
442.215
441.9579
442.21575
439.93925
442.1341
442.16465
441.639
420.86825
420.66995
420.9804
419.09915
420.93695
438.64915
442.18525
442.1181
439.89655
441.6077
422.36355
422.1263
421.3596
418.52695
420.8202
437.76345
442.3615
442.0105
442.16005
439.2885
423.3706
422.166
420.6272
420.7241
418.55745
437.95415
442.17075
442.0479
442.16085
441.4971
422.3544
421.0155
420.7653
420.58525
418.7825
437.86035
442.03495
442.2371
442.20965
441.3865
422.9586
420.69665
420.4418
420.895
420.7355
438.01295
439.93165
442.2508
442.19745
440.9669
422.7946
420.82785
420.65235
420.7096
420.98425
437.942
440.09945
442.0067
442.3691
441.0653
425.09475
420.64015
418.66505
420.45325
420.9034
438.33255
442.01815
439.97435
442.0716
441.23695
425.13285
420.58755
418.5132
420.6768
420.6173
438.56145
442.2127
442.04485
439.84695
441.34145
425.0017
420.5654
420.81565
420.56005
418.8153
438.2235
442.10285
442.39425
442.0113
441.1248
422.71295
420.73325
420.7493
420.5341
420.7569
420.62875
418.6185
420.6371
420.7035
421.0781
438.2494
442.1822
439.8347
442.2501
440.98365
424.67515
420.8729
420.7157
418.5376
420.6623
420.55855
420.82935
420.68595
420.56845
418.59105
420.60965
420.7111
420.5685
420.81715
420.6165
418.53765
420.79275
420.5135
420.7142
419.11285
379.6488
374.9173
376.7299
376.5812
378.6135
436.23465
442.10815
439.89805
442.10975
440.79215
424.90935
420.7279
420.64935
418.48195
420.70345
420.74625
420.6417
420.615
420.5936
418.5651
420.77215
420.77295
420.46315
420.80575
420.6325
418.59105
420.5616
420.705
420.7607
418.85195
379.2048
374.8639
380.4498
376.7536
378.92025
437.12565
442.1219
442.1372
439.86065
440.81735
424.63395
420.6768
420.7569
420.3884
418.71385
420.58605
420.705
420.6768
420.66765
420.82325
418.443
420.58755
420.7958
420.5822
420.79045
420.5532
420.7096
418.5613
420.65235
418.218
379.12085
376.65365
374.9066
376.65975
379.54045
437.4644
442.02885
442.32485
442.23865
438.18915
424.4997
420.6066
420.71645
420.6806
418.44225
420.6684
420.73325
420.57075
420.7058
421.41605
437.08295
442.0433
442.35385
442.1288
439.65925
424.86895
418.56735
420.82175
420.5883
420.5631
418.64595
420.6875
420.6539
420.64015
420.62265
420.6951
420.81485
418.52465
420.6158
420.6371
420.79735
420.62185
418.4491
420.7653
417.9708
378.30455
376.73835
376.84665
376.62695
378.45025
437.5743
442.28745
442.141
442.25695
437.97095
424.296
420.74315
420.60125
420.57685
420.63105
418.8954
420.57075
420.72335
420.62185
420.6524
420.6165
420.72715
418.44605
420.71875
420.7287
420.67375
420.57835
420.6829
418.65055
417.7648
378.065
376.82605
376.62925
376.7307
381.15245
435.8341
442.1387
441.92815
442.17835
440.249
421.8425
420.72255
420.7813
420.57075
420.7554
420.6089
420.63865
418.58645
420.67755
420.66915
420.60355
420.7882
420.55775
418.74285
420.55855
420.84765
420.4693
420.8393
420.58675
417.88
375.36435
376.6941
376.7063
376.7032
382.01305
437.97785
439.9232
442.23405
442.03725
440.07275
424.1297
420.51045
418.6147
420.6966
420.72565
420.5692
420.66915
420.7371
420.6882
418.6727
420.51045
420.6997
420.7416
420.4823
420.8324
420.6707
418.4064
420.7134
420.62875
417.5069
376.89245
376.89395
376.70095
374.9379
376.65135
376.65975
376.76885
376.80775
376.64375
376.80165
374.85015
376.65745
376.8192
376.70935
383.13755
438.30205
441.877
440.1445
442.0784
439.40065
423.955
420.7874
420.61345
418.6582
420.7485
420.60965
420.6005
420.6112
420.63405
420.78665
418.68255
420.63335
420.67755
420.6478
420.6203
420.6974
420.84005
418.456
420.68825
416.16955
377.9605
376.8192
376.5064
376.495
374.95235
376.66435
376.9611
376.482
376.80165
384.09955
436.2651
442.1845
442.21955
442.1082
439.36555
423.6986
420.6974
418.5712
420.7424
420.6188
420.6585
420.61195
420.6989
420.74775
418.4041
420.87975
420.56995
420.78515
420.59515
420.5578
420.75535
418.5811
420.6936
420.60355
416.03685
377.0549
376.8322
376.7345
374.83565
376.4927
376.77415
376.6483
376.8253
376.80395
385.0776
436.62825
442.1021
442.1074
442.1486
438.92995
423.70855
418.6086
420.66075
420.57915
420.66075
420.74775
420.5944
420.776
418.694
420.45555
420.73555
420.5448
420.76225
420.68515
420.6684
420.7279
418.65895
420.5494
420.6867
415.2274
377.7438
377.0473
375.13625
376.778
376.9802
376.662
376.85505
376.30275
376.59795
375.0912
377.12285
377.2571
377.0107
377.2609
377.3334
377.1625
374.8677
377.79875
377.14495
374.52515
355.43055
355.2238
355.1368
353.53855
366.51165
438.06025
442.2333
441.9998
442.3203
438.83305
421.15205
420.6272
420.7516
420.6745
420.68595
420.4769
418.74665
420.5509
420.82635
420.5616
420.60965
420.7294
420.79275
420.6623
418.4949
420.6478
420.7691
420.5082
420.78665
414.00755
375.5154
377.40585
376.95955
377.0092
376.5476
376.6704
377.042
374.89895
377.46615
376.3332
376.59185
376.2791
376.84665
376.84665
385.65665
439.4792
441.977
442.21955
441.951
438.30055
423.26225
418.839
420.602
420.57
420.6707
420.8179
420.4983
418.73215
420.6524
420.57605
420.69055
420.7653
420.63865
420.6905
418.5056
420.55775
420.8973
420.5692
420.74775
413.19505
378.9301
376.5743
377.2167
376.1791
378.36635
378.67
377.81785
377.9628
376.144
377.6874
377.7118
377.637
377.8026
377.7774
377.6202
375.80915
377.79035
377.7118
377.76825
371.25535
356.0973
353.7438
355.9882
355.6716
369.04675
438.2975
442.1593
442.0769
442.0563
436.2644
422.8205
420.6837
420.573
420.78285
420.45935
418.7276
420.61805
420.71265
420.74315
420.66995
420.7088
420.5639
418.40185
420.73935
420.63635
420.75915
420.7821
420.5753
420.6829
409.95805
378.91335
379.18955
378.4144
378.1581
377.7057
377.7591
375.7267
377.7194
377.74005
377.6805
377.86285
377.8369
375.62525
377.8041
377.6828
377.7103
377.933
377.5745
377.56455
370.41385
353.36615
355.32675
355.26575
355.25125
373.6112
438.80715
442.16155
442.37675
439.84995
438.6973
421.61895
420.6112
420.6562
420.7218
420.7439
418.53685
420.72105
420.69205
420.59975
420.62795
420.80955
420.718
418.4949
420.5837
420.7218
420.4716
420.8637
420.7813
420.52575
408.5352
381.13645
378.45715
377.75605
377.87505
377.63245
377.59585
375.86175
377.87425
377.412
377.47755
378.1177
377.8918
375.7519
377.6935
377.72705
377.69955
377.7942
377.5432
377.94905
369.48315
354.30905
355.7189
355.8578
356.76175
356.04775
356.2491
356.27355
355.60755
353.8841
373.5395
438.5836
442.30575
441.9541
442.30115
438.5882
418.9389
428.9985
418.69095starting :15859

420.5944
420.7386
420.7302
420.7851
420.4983
420.74085
420.6867
418.5384
420.61805
420.75005
420.75915
420.62495
420.64475
420.7569
420.602
418.53
409.15015
381.41335
377.81555
377.76595
377.59355
377.7301
377.77435
375.85795
377.7484
377.7614
377.6965
377.7362
377.7675
375.80075
377.76515
377.7408
377.74155
377.76135
377.7141
377.724
368.9392
354.22515
356.38795
356.13855
356.819
356.26515
355.50835
356.1942
356.4154
354.4731
377.1442
438.4615
442.2524
442.25465
442.18675
437.89545
420.53945
420.67225
418.68025
420.50975
420.83395
420.79045
420.5921
420.69815
420.6844
420.6623
418.4644
420.90645
420.5204
420.75305
420.53185
420.8576
420.45405
420.8637
418.66575
407.67165
381.1105
377.79265
377.7301
377.75375
377.6256
377.70035
376.0395
377.5394
377.80485
377.7278
377.7019
377.7789
377.7873
375.73055
377.6546
377.91395
377.7446
377.76595
377.7133
368.4456
357.25085
355.1063
356.922
356.9647
355.80285
356.65345
356.27885
355.7876
356.47415
377.4837
439.15345
442.05325
442.1044
442.2661
437.22105
420.60885
420.5349
418.76345
420.52955
420.72715
420.64475
420.61805
420.73325
420.62185
420.8149
418.46515
420.71265
420.6592
420.657
420.64015
420.7882
420.5593
420.6699
418.61695
406.13215
381.26
377.8926
377.58745
377.86285
377.6988
377.8171
377.6042
376.0052
377.72855
377.64465
377.78885
377.71715
377.7728
377.7156
377.6607
